version https://git-lfs.github.com/spec/v1
oid sha256:84f6c8765ba85e094ec773992bf505203c2fd5e6562329f5b59cf7291d45a958
size 258153
